QuaterNoteMs 480
FirstNoteMs 0
0 5 2 1680
1920 4 2 3600
3840 3 2 5520
5760 2 1
6000 1 1
6480 0 1
6720 5 1
7200 4 1
7440 3 1
7680 2 2 9360
9600 1 2 11280
11520 0 0
12240 0 1
12480 1 1
12960 2 1
13200 3 1
13440 4 1
13680 5 1
15360 5 2 17040
17280 4 2 18960
19200 3 2 19680
19920 2 1
20160 1 1
20880 0 2 21600
21840 0 1
22080 1 1
23040 2 2 24720
24960 1 2 26640
26880 0 2 28560
28800 5 2 30240
30720 5 0
31200 5 0
31680 5 0
32160 5 0
32640 5 0
33120 5 0
33600 5 0
34080 5 0
34560 5 0
35040 5 0
35520 5 0
36000 5 0
36480 5 0
36960 5 0
37440 5 0
37920 5 1
38160 4 1
38400 3 0
38880 3 1
39120 2 1
39840 2 0
39840 5 0
40320 2 0
40800 2 0
41280 2 0
41760 2 0
42000 1 1
42240 0 0
42240 3 0
42720 0 0
43200 0 0
43680 0 0
44160 0 0
44640 0 0
45120 0 0
45600 0 0
46560 0 0
46800 1 1
47040 2 1
47760 3 0
48000 3 1
48240 4 1
48480 5 1
48720 0 1
48960 1 0
49440 2 0
49920 2 1
50160 1 1
50400 0 1
50640 5 1
50880 4 1
51840 3 2 52320
52560 3 1
52800 2 1
53280 2 0
53760 2 0
53760 5 0
54240 2 0
54720 2 0
55200 2 0
55680 2 0
56040 2 0
56400 2 0
56640 2 0
57120 2 0
57600 2 0
58080 2 0
58560 2 0
59040 2 0
59520 2 1
59640 1 1
59760 0 1
59880 5 1
60000 4 1
60120 3 1
60240 2 1
60360 1 1
60480 0 1
60600 5 1
60840 4 1
60960 3 1
61200 2 1
61440 2 0
61440 5 0
61680 3 1
61920 2 1
62400 2 0
62640 1 1
63120 1 0
63600 5 1
63840 4 1
64320 3 0
64560 2 1
65040 3 0
65520 2 0
65760 3 1
66240 3 0
66480 2 1
66720 1 1
66960 0 1
67200 5 0
67680 4 0
69120 2 0
69360 3 1
69600 2 1
70080 2 0
70320 1 1
70800 1 0
71280 5 1
71520 4 1
72000 3 0
72240 2 1
72720 3 0
73200 2 0
73440 3 1
73920 3 0
74160 2 1
74400 1 1
74640 0 1
74880 5 0
75600 5 0
75840 4 1
76080 3 1
76320 2 1
76560 1 1
76800 0 0
76800 3 0
77520 0 0
77520 3 0
78240 0 0
78240 3 0
78720 1 0
78720 4 0
79440 1 0
79440 4 0
80160 1 0
80160 4 0
80400 1 0
80400 4 0
80640 2 0
80640 5 0
81360 3 0
81360 0 0
82080 0 0
82080 3 0
82560 1 0
82560 4 0
83280 1 0
83280 4 0
84000 1 0
84000 4 0
84240 1 0
84240 4 0
84480 2 0
84480 5 0
85200 2 0
85200 5 0
85920 2 0
85920 5 0
86400 3 0
86400 0 0
87120 3 0
87120 0 0
87840 3 0
87840 0 0
88080 3 0
88080 0 0
88320 4 0
88320 1 0
89040 5 0
89040 2 0
89760 2 0
89760 5 0
90240 3 0
90240 0 0
90960 3 0
90960 0 0
91680 3 0
91680 0 0
91920 3 0
91920 0 0
