QuaterNoteMs 315
FirstNoteMs 0
0 5 1
39 4 1
78 3 1
1973 2 0
3473 2 2 3710
3789 2 0
3789 5 0
4105 1 0
4105 4 0
4421 0 1
4421 3 1
4578 5 1
4894 4 0
4894 1 0
5210 1 0
5210 4 0
5368 3 1
5684 3 1
5842 4 1
5999 4 1
6157 3 1
6236 2 1
6315 1 1
6631 0 0
6631 3 0
6947 1 1
7105 2 1
7421 3 0
7421 0 0
7736 3 0
7894 2 1
8052 3 1
8368 4 0
8526 5 1
8684 4 1
8842 2 0
8842 5 0
9157 1 0
9157 4 0
9473 0 1
9473 3 1
9631 5 1
9947 4 0
9947 1 0
10263 1 0
10263 4 0
10421 3 1
10736 3 1
10894 4 1
11052 4 1
11210 3 1
11289 2 1
11368 1 1
11684 0 0
11684 3 0
11999 1 1
12157 2 1
12473 3 0
12473 0 0
12789 3 0
12947 2 1
13105 3 1
13578 4 2 13815
13578 1 2 13815
13894 4 0
14131 4 0
14368 4 0
14684 4 0
14999 3 0
15473 3 0
15631 2 1
15789 1 1
15947 0 1
16105 5 1
16263 4 1
16736 3 0
17052 2 1
17210 1 1
17526 1 0
17526 4 0
17842 2 1
17999 1 1
18157 2 1
18315 3 1
18631 4 0
18947 4 0
18947 1 0
19421 4 0
19736 4 1
19894 3 1
20052 2 1
20210 1 1
20368 2 1
20526 1 1
20684 0 1
20999 5 0
21157 4 1
21315 3 1
21473 3 0
21473 0 0
21789 3 1
21947 4 1
22105 5 1
22263 0 1
22421 1 1
22578 2 2 22815
22578 5 2 22815
22894 2 0
23052 3 1
23210 4 1
23368 2 0
23368 5 0
23684 0 0
23684 3 0
23999 1 0
23999 4 0
24315 0 0
24315 3 0
24631 5 1
24631 2 1
24789 4 1
25105 3 0
25105 0 0
25421 0 0
25421 3 0
25578 2 1
25894 2 1
26052 3 1
26210 3 1
26368 2 1
26447 1 1
26526 0 1
26842 5 0
26842 2 0
27157 0 1
27315 1 1
27631 2 0
27631 5 0
27947 2 0
28105 1 1
28263 2 1
28736 3 2 28973
28736 0 2 28973
29052 3 0
29289 3 0
29526 3 0
29842 3 1
29999 4 1
30157 5 1
30789 5 1
30947 0 1
31026 1 1
31263 2 0
31421 3 1
31894 4 0
32210 3 1
32368 2 1
32684 1 0
32684 4 0
32999 2 1
33157 1 1
33315 2 1
33473 1 1
33789 0 0
33789 3 0
34105 1 0
34105 4 0
34578 1 2 34815
34578 4 2 34815
34894 1 0
35052 2 1
35210 3 1
35368 4 1
35526 5 1
35684 0 1
35842 1 1
36157 2 0
36315 1 1
36473 0 1
36631 5 0
36631 2 0
36947 5 0
37263 5 1
37420 4 1
37578 3 1
37736 2 0
37736 5 0
38210 2 1
38368 1 1
38526 0 1
38526 3 0
38842 1 0
38842 4 0
39157 2 0
39157 5 0
39473 2 1
39552 3 1
39631 4 1
39710 5 1
39789 4 1
39947 3 1
40105 2 1
40263 1 1
40657 0 1
40736 5 1
40815 4 1
40894 3 1
41052 2 1
41210 1 1
41368 0 1
41526 5 1
41842 5 1
41999 4 1
42157 3 1
42315 2 1
42473 1 1
42631 0 1
42710 1 1
42789 2 1
42947 3 0
43105 4 0
43263 5 0
43420 0 0
43578 1 0
43578 4 0
43736 2 0
43736 5 0
43894 3 0
43894 0 0
44210 1 1
44368 2 1
44526 3 1
44842 4 1
44999 3 1
45157 2 1
45315 1 2 45552
45631 1 0
45789 0 1
45947 5 1
46105 4 1
46736 3 2 46973
47052 2 0
47368 1 1
47526 2 1
47684 3 1
47842 4 1
47999 3 0
47999 0 0
48157 2 1
48157 5 1
48315 1 1
48315 4 1
48473 0 1
48473 3 1
48631 2 1
48631 5 1
48947 1 2 49184
48947 4 2 49184
49263 0 0
49263 3 0
49578 1 0
49578 4 0
49736 2 1
49736 5 1
49815 3 1
49815 0 1
50052 1 1
50052 4 1
50526 2 0
50526 5 0
50684 1 0
50684 4 0
50842 0 1
50842 3 1
50999 5 1
50999 2 1
51157 1 1
51157 4 1
51473 0 0
51631 5 1
51789 4 1
51868 3 1
52105 2 0
52263 1 1
52420 2 1
52578 3 1
52894 4 0
52894 1 0
53210 2 0
53210 5 0
53368 0 1
53368 3 1
53526 1 1
53526 4 1
53684 2 2 53920
53684 5 2 53920
53999 4 2 54236
53999 1 2 54236
54315 0 0
54315 3 0
54631 0 0
54631 3 0
54789 1 1
54789 4 1
55105 2 0
55105 5 0
55420 0 2 55657
55420 3 2 55657
55736 1 0
55736 4 0
55894 2 1
55894 5 1
56052 0 1
56052 3 1
56210 1 1
56210 4 1
56526 2 1
56684 3 1
56842 4 1
56999 5 1
57157 0 1
57315 1 1
57473 2 1
57631 3 1
57789 4 1
57947 5 2 58184
58263 4 0
58420 3 1
58578 2 1
58736 3 1
59052 4 2 59289
59052 1 2 59289
59368 1 0
59368 4 0
59684 2 0
59684 5 0
59842 0 1
59842 3 1
59920 4 1
59920 1 1
60157 2 1
60157 5 1
60631 0 0
60631 3 0
60789 2 0
60789 5 0
60947 1 1
60947 4 1
61105 0 1
61105 3 1
61263 2 1
61263 5 1
61578 1 0
61736 0 1
61894 5 1
61973 4 1
62210 3 0
62368 2 1
62526 3 1
62684 4 1
62999 5 1
62999 2 1
63157 1 1
63157 4 1
63315 3 1
63315 0 1
63473 1 1
63473 4 1
63631 2 1
63631 5 1
63789 0 2 64026
63789 3 2 64026
64105 5 2 64342
64105 2 2 64342
64420 1 0
64420 4 0
64736 1 0
64736 4 0
64894 2 1
64894 5 1
65210 0 0
65210 3 0
65526 1 2 65763
65526 4 2 65763
65842 2 0
65842 5 0
65999 0 1
65999 3 1
66157 1 1
66157 4 1
66315 2 1
66315 5 1
66631 3 1
66789 4 1
66947 5 1
67105 0 1
67263 1 1
67420 2 1
67578 3 1
67736 4 1
67894 5 1
68052 0 2 68289
68368 5 0
68526 4 1
68684 3 1
68842 4 1
69473 2 0
69473 5 0
69789 1 0
69789 4 0
70105 0 1
70105 3 1
70263 5 1
70578 4 0
70578 1 0
70894 1 0
70894 4 0
71052 3 1
71368 3 1
71526 4 1
71684 4 1
71841 3 1
71920 2 1
71999 1 1
72315 0 0
72315 3 0
72631 1 1
72789 2 1
73105 3 0
73105 0 0
73420 3 0
73578 2 1
73736 3 1
74052 4 0
74210 5 1
74368 4 1
74526 2 0
74526 5 0
74841 1 0
74841 4 0
75157 0 1
75157 3 1
75315 5 1
75631 4 0
75631 1 0
75947 1 0
75947 4 0
76105 3 1
76420 3 1
76578 4 1
76736 4 1
76894 3 1
76973 2 1
77052 1 1
77368 0 0
77368 3 0
77684 1 1
77841 2 1
78157 3 0
78157 0 0
78473 3 0
78631 2 1
78789 3 1
79105 3 0
79263 4 1
79420 5 1
80526 4 2 80763
80526 1 2 80763
80841 4 0
81078 4 0
81315 4 0
81631 4 0
81947 3 0
82420 3 0
82578 2 1
82736 1 1
82894 0 1
83052 5 1
83210 4 1
83684 3 0
83999 2 1
84157 1 1
84473 1 0
84473 4 0
84789 2 1
84947 1 1
85105 2 1
85263 3 1
85578 4 0
85894 4 0
85894 1 0
86368 4 0
86684 4 1
86841 3 1
86999 2 1
87157 1 1
87315 2 1
87473 1 1
87631 0 1
87947 5 0
88105 4 1
88263 3 1
88420 3 0
88420 0 0
88736 3 1
88894 4 1
89052 5 1
89210 0 1
89368 1 1
89526 2 2 89763
89526 5 2 89763
89999 2 1
90157 1 1
90315 0 1
90947 5 0
90947 2 0
91578 4 0
91578 1 0
92210 0 0
92210 3 0
92526 2 0
92841 1 0
93157 0 0
93315 5 0
93631 4 0
93789 3 1
93947 2 1
94105 1 0
94263 2 1
94420 3 1
94578 4 1
94894 5 2 95131
95210 4 2 95605
95684 4 0
95684 1 0
95999 3 0
95999 0 0
96473 2 0
96789 2 0
96947 1 1
97105 0 1
97263 5 1
97420 4 1
97578 3 1
97736 2 1
98210 1 0
98368 2 1
98526 3 1
98684 4 0
98841 5 1
98999 0 1
99157 1 1
99315 2 1
99473 3 1
99631 4 2 99868
99947 4 1
100105 3 1
100263 2 1
100420 1 2 100657
100736 1 2 100973
101052 1 2 101289
101368 1 0
101526 1 0
101684 1 1
101841 2 1
101999 3 1
102157 4 1
102473 4 2 102710
102789 4 0
102947 5 1
103105 0 1
103263 1 1
103420 2 1
103736 3 0
103894 4 1
104210 4 1
104368 3 1
104526 2 1
104684 1 1
104841 0 1
104999 5 1
105157 4 1
105315 3 1
105473 2 1
105631 1 1
105789 0 1
106105 0 0
106262 1 1
106420 2 1
106736 2 1
106894 3 1
107052 4 1
107210 5 2 107447
107526 4 1
107684 3 1
107841 2 1
107999 3 1
108631 4 0
108947 4 0
109262 5 1
109420 4 1
109578 3 1
109736 2 1
109894 1 1
110052 2 1
110210 3 1
110368 4 1
110526 5 1
111157 5 0
111157 2 0
111473 5 0
111789 3 0
111947 2 1
112420 1 0
112578 0 0
112736 5 0
112894 4 1
113052 3 0
113368 2 0
113526 1 1
113841 1 0
113999 2 1
114157 3 1
114315 4 1
114473 5 1
114631 0 1
114789 1 1
115105 2 0
115262 3 1
115420 4 1
115578 3 2 115815
115894 2 2 116131
116210 1 0
116210 4 0
116526 1 0
116526 4 0
116841 1 0
116841 4 0
117157 1 0
117157 4 0
117473 0 0
117473 3 0
117789 2 0
117789 5 0
118105 1 0
118105 4 0
118420 0 0
118420 3 0
118736 2 1
118894 1 1
119052 0 1
119210 5 1
119368 4 1
119526 3 1
119684 2 1
119841 1 2 120078
120157 0 0
120315 1 1
120473 2 1
120631 1 1
120947 0 2 121184
120947 3 2 121184
121262 0 0
121262 3 0
121578 1 0
121578 4 0
121736 2 1
121736 5 1
122052 0 0
122052 3 0
122368 1 0
122368 4 0
122526 2 0
122526 5 0
122841 0 0
122841 3 0
122999 1 1
122999 4 1
123157 2 0
123157 5 0
123473 5 0
123473 2 0
123631 0 1
123631 3 1
123789 2 2 124026
123789 5 2 124026
124105 1 0
124105 4 0
124262 0 1
124262 3 1
124420 5 1
124420 2 1
124736 5 0
124736 2 0
124894 4 1
124894 1 1
125210 0 0
125210 3 0
125368 5 1
125368 2 1
125526 4 1
125526 1 1
125684 0 2 125920
125684 3 2 125920
125999 5 2 126236
125999 2 2 126236
126315 4 0
126315 1 0
126631 1 0
126631 4 0
126789 0 0
126789 3 0
127105 5 0
127105 2 0
127420 0 2 127657
127420 3 2 127657
127736 1 0
127736 4 0
127894 2 1
127894 5 1
128052 0 1
128052 3 1
128210 1 1
128210 4 1
128526 4 0
128684 3 1
128841 2 1
128999 1 1
129157 0 1
129315 5 1
129473 4 1
129631 3 1
129789 2 1
129947 1 2 130184
130262 0 1
130420 1 1
130578 2 1
130736 1 1
131368 0 0
131368 3 0
131684 1 0
131684 4 0
131841 2 1
131841 5 1
132157 0 0
132157 3 0
132473 1 0
132473 4 0
132631 2 0
132631 5 0
132947 0 0
132947 3 0
133105 1 1
133105 4 1
133262 2 0
133262 5 0
133578 5 0
133578 2 0
133736 0 1
133736 3 1
133894 2 2 134131
133894 5 2 134131
134210 1 0
134210 4 0
134368 0 1
134368 3 1
134526 5 1
134526 2 1
134841 5 0
134841 2 0
134999 4 1
134999 1 1
135315 0 0
135315 3 0
135473 5 1
135473 2 1
135631 4 1
135631 1 1
135789 0 2 136026
135789 3 2 136026
136105 5 2 136341
136105 2 2 136341
136420 4 0
136420 1 0
136736 1 0
136736 4 0
136894 0 0
136894 3 0
137210 5 0
137210 2 0
137526 0 2 137762
137526 3 2 137762
137841 1 0
137841 4 0
137999 2 1
137999 5 1
138157 0 1
138157 3 1
138315 1 1
138315 4 1
138631 4 0
138789 3 1
138947 2 1
139105 1 1
139262 0 1
139420 5 1
139578 4 1
139736 3 1
139894 2 1
140052 1 2 140289
140368 0 1
140526 1 1
140684 2 1
140841 1 2 141315
141473 1 0
141473 4 0
141789 1 0
141789 4 0
141947 0 1
141947 3 1
142262 2 0
142262 5 0
142578 4 0
142578 1 0
142894 4 0
142894 1 0
143052 2 1
143052 5 1
143368 3 2 143999
143368 0 2 143999
143999 1 0
143999 4 0
144315 3 0
144315 0 0
144631 5 2 144947
144631 2 2 144947
145105 4 0
145105 1 0
145262 0 1
145262 3 1
145578 5 0
145578 2 0
145894 4 0
145894 1 0
146526 0 0
146526 3 0
146841 0 0
146841 3 0
146999 2 1
146999 5 1
147315 1 0
147315 4 0
147631 3 0
147631 0 0
147947 3 0
147947 0 0
148105 1 1
148105 4 1
148420 2 2 149052
148420 5 2 149052
149052 0 0
149052 3 0
149368 2 0
149368 5 0
149683 4 2 149999
149683 1 2 149999
150157 3 0
150157 0 0
150315 2 1
150315 5 1
150631 4 0
150631 1 0
150947 3 0
150947 0 0
151578 5 0
151578 2 0
151894 5 1
151894 2 1
152052 1 1
152052 4 1
152368 4 0
152526 3 1
152683 2 1
152999 1 0
153157 2 1
153315 1 1
153631 0 0
153789 1 1
153947 2 1
154105 3 1
154105 0 0
154420 2 1
154578 1 1
154894 0 0
155052 5 1
155210 4 1
155526 3 0
155683 2 1
155841 1 1
155999 0 0
155999 3 0
156315 0 0
156315 3 0
156631 0 2 157105
156631 3 2 157105
157262 0 0
157420 5 1
157736 4 0
157894 3 1
158052 4 1
158210 5 1
158368 0 1
158683 0 1
158841 1 1
158999 2 1
159157 3 2 159789
159947 3 0
160105 4 1
160262 5 1
